--------------BEGIN OF LOG-----------
SIZE: 10000
Preparing to put msg
 HOST=localhost,DB=test,QUERY=select a,b,c from tt where b=74211
End of log.
--------------BEGIN OF LOG-----------
SIZE: 10000
Preparing to put msg
 HOST=localhost,DB=test,QUERY=select a,b,c from tt where b=74211
End of log.
--------------BEGIN OF LOG-----------
SIZE: 10000
Preparing to put msg
 HOST=localhost,DB=test,QUERY=select a,b,c from tt where b=74211
End of log.
--------------BEGIN OF LOG-----------
SIZE: 10000
Preparing to put msg
 HOST=localhost,DB=test,QUERY=select a,b,c from tt where b=483085
Preparing to read results with data_id=83
 HOST=localhost,DB=test,QUERY=select a,b,c from tt where b=483085
Data id seq: 0 1 2 3 4 5 6 7 8 9 10 11 12 13 14 15 16 17 18 19 20 21 22 23 24 25 26 27 28 29 30 31 32 33 34 35 36 37 38 39 40 41 42 43 44 45 46 47 48 49 50 51 52 53 54 55 56 57 58 59 60 61 62 63 64 65 66 67 68 69 70 71 72 73 74 75 76 77 78 79 80 81 82 83 
Offset seq: 45 78 111 144 175 206 239 272 305 338 369 402 435 468 501 534 567 600 633 664 697 730 763 796 829 860 893 926 959 992 1023 1056 1089 1122 1155 1188 1221 1254 1287 1320 1353 1384 1417 1450 1483 1516 1549 1582 1615 1648 1679 1710 1743 1774 1807 1840 1873 1906 1939 1972 2005 2038 2071 2104 2137 2170 2201 2234 2267 2298 2331 2364 2397 2430 2463 2496 2573 2644 2677 2708 2741 2774 2807 2840 
Successful query with 483085
End of log.
--------------BEGIN OF LOG-----------
SIZE: 10000
Preparing to put msg
 HOST=localhost,DB=test,QUERY=select a,b,c from tt where b=134790
Preparing to read results with data_id=423
 HOST=localhost,DB=test,QUERY=select a,b,c from tt where b=134790
Data id seq: 0 1 2 3 4 5 6 7 8 9 10 11 12 13 14 15 16 17 18 19 20 21 22 23 24 25 26 27 28 29 30 31 32 33 34 35 36 37 38 39 40 41 42 43 44 45 46 47 48 49 50 51 52 53 54 55 56 57 58 59 60 61 62 63 64 65 66 67 68 69 70 71 72 73 74 75 76 77 78 79 80 81 82 83 84 85 86 87 88 89 90 91 92 93 94 95 96 97 98 99 100 101 102 103 104 105 106 107 108 109 110 111 112 113 114 115 116 117 118 119 120 121 122 123 124 125 126 127 128 129 130 131 132 133 134 135 136 137 138 139 140 141 142 143 144 145 146 147 148 149 150 151 152 153 154 155 156 157 158 159 160 161 162 163 164 165 166 167 168 169 170 171 172 173 174 175 176 177 178 179 180 181 182 183 184 185 186 187 188 189 190 191 192 193 194 195 196 197 198 199 200 201 202 203 204 205 206 207 208 209 210 211 212 213 214 215 216 217 218 219 220 221 222 223 224 225 226 227 228 229 230 231 232 233 234 235 236 237 238 239 240 241 242 243 244 245 246 247 248 249 250 251 252 253 254 255 256 257 258 259 260 261 262 263 264 265 266 267 268 269 270 271 272 273 274 275 276 277 278 279 280 281 282 283 284 285 286 287 288 289 290 291 292 293 294 295 296 297 298 299 300 301 302 303 304 305 306 307 308 309 310 311 312 313 314 315 316 317 318 319 320 321 322 323 324 325 326 327 328 329 330 331 332 333 334 335 336 337 338 339 340 341 342 343 344 345 346 347 348 349 350 351 352 353 354 355 356 357 358 359 360 361 362 363 364 365 366 367 368 369 370 371 372 373 374 375 376 377 378 379 380 381 382 383 384 385 386 387 388 389 390 391 392 393 394 395 396 397 398 399 400 401 402 403 404 405 406 407 408 409 410 411 412 413 414 415 416 417 418 419 420 421 422 423 
Offset seq: 45 78 111 144 175 206 239 272 305 338 369 402 435 468 501 534 567 600 633 664 697 730 763 796 829 860 893 926 959 992 1023 1056 1089 1122 1155 1188 1221 1254 1287 1320 1353 1384 1417 1450 1483 1516 1549 1582 1615 1648 1679 1710 1743 1774 1807 1840 1873 1906 1939 1972 2005 2038 2071 2104 2137 2170 2201 2234 2267 2298 2331 2364 2397 2430 2463 2496 2573 2644 2677 2708 2741 2774 2807 2840 2917 2950 2983 3016 3047 3078 3111 3144 3177 3208 3241 3274 3305 3338 3371 3404 3437 3470 3503 3536 3569 3602 3679 3712 3745 3778 3811 3844 3877 3908 3941 3974 4007 4040 4073 4106 4139 4172 4205 4238 4271 4304 4337 4370 4403 4436 4469 4500 4533 4566 4597 4630 4663 4696 4729 4762 4795 4826 4859 4892 4925 4958 4991 5024 5057 5134 5211 5244 5277 5310 5341 5374 5407 5440 5471 5542 5573 5604 5635 5666 5699 5732 5765 5798 5831 5864 5897 5930 5963 5996 6027 6058 6091 6124 6157 6190 6267 6300 6333 6366 6399 6432 6465 6498 6529 6562 6593 6626 6659 6692 6725 6802 6879 6912 6945 7022 7055 7086 7119 7152 7185 7218 7249 7282 7315 7348 7381 7414 7447 7480 7513 7546 7579 7612 7645 7678 7711 7742 7819 7852 7883 7916 7949 7982 8015 8048 8081 8114 8147 8180 8213 8246 8279 8312 8345 8376 8407 8440 8473 8506 8539 8572 8605 8636 8707 8740 8817 8850 8883 8916 8949 8982 9013 9046 9079 9112 9145 9178 9211 9244 9277 9310 9343 9376 9409 9442 9473 9506 9537 9570 9603 9634 9665 9698 9731 9762 9795 9828 9859 9892 9925 9958 9991 10024 10101 10134 10167 10200 10233 10266 10299 10332 10365 10398 10431 10464 10497 10530 10563 10596 10629 10662 10693 10726 10759 10792 10869 10902 10935 10968 11001 11034 11067 11144 11175 11208 11241 11274 11307 11340 11373 11406 11439 11470 11503 11536 11569 11602 11635 11668 11701 11734 11767 11800 11833 11866 11899 11932 11965 11998 12031 12064 12097 12128 12161 12232 12265 12298 12331 12364 12395 12428 12459 12490 12523 12556 12589 12622 12693 12726 12759 12792 12825 12858 12891 12922 12953 12986 13019 13050 13083 13160 13193 13226 13259 13292 13325 13358 13391 13424 13457 13490 13521 13554 13587 13620 13653 13684 13715 13746 13817 13850 13883 13916 13949 13982 14013 14046 14079 14112 14145 14178 14211 14244 14277 14310 14343 14376 14407 14440 14473 14506 14539 14616 14649 14726 14759 14792 14823 0 
End of log.
--------------BEGIN OF LOG-----------
SIZE: 10000
Preparing to put msg
 HOST=localhost,DB=test,QUERY=select a,b,c from tt where b=134790
Preparing to read results with data_id=423
 HOST=localhost,DB=test,QUERY=select a,b,c from tt where b=134790
Data id seq: 0 1 2 3 4 5 6 7 8 9 10 11 12 13 14 15 16 17 18 19 20 21 22 23 24 25 26 27 28 29 30 31 32 33 34 35 36 37 38 39 40 41 42 43 44 45 46 47 48 49 50 51 52 53 54 55 56 57 58 59 60 61 62 63 64 65 66 67 68 69 70 71 72 73 74 75 76 77 78 79 80 81 82 83 84 85 86 87 88 89 90 91 92 93 94 95 96 97 98 99 100 101 102 103 104 105 106 107 108 109 110 111 112 113 114 115 116 117 118 119 120 121 122 123 124 125 126 127 128 129 130 131 132 133 134 135 136 137 138 139 140 141 142 143 144 145 146 147 148 149 150 151 152 153 154 155 156 157 158 159 160 161 162 163 164 165 166 167 168 169 170 171 172 173 174 175 176 177 178 179 180 181 182 183 184 185 186 187 188 189 190 191 192 193 194 195 196 197 198 199 200 201 202 203 204 205 206 207 208 209 210 211 212 213 214 215 216 217 218 219 220 221 222 223 224 225 226 227 228 229 230 231 232 233 234 235 236 237 238 239 240 241 242 243 244 245 246 247 248 249 250 251 252 253 254 255 256 257 258 259 260 261 262 263 264 265 266 267 268 269 270 271 272 273 274 275 276 277 278 279 280 281 282 283 284 285 286 287 288 289 290 291 292 293 294 295 296 297 298 299 300 301 302 303 304 305 306 307 308 309 310 311 312 313 314 315 316 317 318 319 320 321 322 323 324 325 326 327 328 329 330 331 332 333 334 335 336 337 338 339 340 341 342 343 344 345 346 347 348 349 350 351 352 353 354 355 356 357 358 359 360 361 362 363 364 365 366 367 368 369 370 371 372 373 374 375 376 377 378 379 380 381 382 383 384 385 386 387 388 389 390 391 392 393 394 395 396 397 398 399 400 401 402 403 404 405 406 407 408 409 410 411 412 413 414 415 416 417 418 419 420 421 422 423 
Offset seq: 45 78 111 144 175 206 239 272 305 338 369 402 435 468 501 534 567 600 633 664 697 730 763 796 829 860 893 926 959 992 1023 1056 1089 1122 1155 1188 1221 1254 1287 1320 1353 1384 1417 1450 1483 1516 1549 1582 1615 1648 1679 1710 1743 1774 1807 1840 1873 1906 1939 1972 2005 2038 2071 2104 2137 2170 2201 2234 2267 2298 2331 2364 2397 2430 2463 2496 2573 2644 2677 2708 2741 2774 2807 2840 2917 2950 2983 3016 3047 3078 3111 3144 3177 3208 3241 3274 3305 3338 3371 3404 3437 3470 3503 3536 3569 3602 3679 3712 3745 3778 3811 3844 3877 3908 3941 3974 4007 4040 4073 4106 4139 4172 4205 4238 4271 4304 4337 4370 4403 4436 4469 4500 4533 4566 4597 4630 4663 4696 4729 4762 4795 4826 4859 4892 4925 4958 4991 5024 5057 5134 5211 5244 5277 5310 5341 5374 5407 5440 5471 5542 5573 5604 5635 5666 5699 5732 5765 5798 5831 5864 5897 5930 5963 5996 6027 6058 6091 6124 6157 6190 6267 6300 6333 6366 6399 6432 6465 6498 6529 6562 6593 6626 6659 6692 6725 6802 6879 6912 6945 7022 7055 7086 7119 7152 7185 7218 7249 7282 7315 7348 7381 7414 7447 7480 7513 7546 7579 7612 7645 7678 7711 7742 7819 7852 7883 7916 7949 7982 8015 8048 8081 8114 8147 8180 8213 8246 8279 8312 8345 8376 8407 8440 8473 8506 8539 8572 8605 8636 8707 8740 8817 8850 8883 8916 8949 8982 9013 9046 9079 9112 9145 9178 9211 9244 9277 9310 9343 9376 9409 9442 9473 9506 9537 9570 9603 9634 9665 9698 9731 9762 9795 9828 9859 9892 9925 9958 9991 10024 10101 10134 10167 10200 10233 10266 10299 10332 10365 10398 10431 10464 10497 10530 10563 10596 10629 10662 10693 10726 10759 10792 10869 10902 10935 10968 11001 11034 11067 11144 11175 11208 11241 11274 11307 11340 11373 11406 11439 11470 11503 11536 11569 11602 11635 11668 11701 11734 11767 11800 11833 11866 11899 11932 11965 11998 12031 12064 12097 12128 12161 12232 12265 12298 12331 12364 12395 12428 12459 12490 12523 12556 12589 12622 12693 12726 12759 12792 12825 12858 12891 12922 12953 12986 13019 13050 13083 13160 13193 13226 13259 13292 13325 13358 13391 13424 13457 13490 13521 13554 13587 13620 13653 13684 13715 13746 13817 13850 13883 13916 13949 13982 14013 14046 14079 14112 14145 14178 14211 14244 14277 14310 14343 14376 14407 14440 14473 14506 14539 14616 14649 14726 14759 14792 14823 0 
End of log.
--------------BEGIN OF LOG-----------
SIZE: 10000
Preparing to put msg
 HOST=localhost,DB=test,QUERY=select a,b,c from tt where b=134790
Preparing to read results with data_id=423
 HOST=localhost,DB=test,QUERY=select a,b,c from tt where b=134790
Data id seq: 0 1 2 3 4 5 6 7 8 9 10 11 12 13 14 15 16 17 18 19 20 21 22 23 24 25 26 27 28 29 30 31 32 33 34 35 36 37 38 39 40 41 42 43 44 45 46 47 48 49 50 51 52 53 54 55 56 57 58 59 60 61 62 63 64 65 66 67 68 69 70 71 72 73 74 75 76 77 78 79 80 81 82 83 84 85 86 87 88 89 90 91 92 93 94 95 96 97 98 99 100 101 102 103 104 105 106 107 108 109 110 111 112 113 114 115 116 117 118 119 120 121 122 123 124 125 126 127 128 129 130 131 132 133 134 135 136 137 138 139 140 141 142 143 144 145 146 147 148 149 150 151 152 153 154 155 156 157 158 159 160 161 162 163 164 165 166 167 168 169 170 171 172 173 174 175 176 177 178 179 180 181 182 183 184 185 186 187 188 189 190 191 192 193 194 195 196 197 198 199 200 201 202 203 204 205 206 207 208 209 210 211 212 213 214 215 216 217 218 219 220 221 222 223 224 225 226 227 228 229 230 231 232 233 234 235 236 237 238 239 240 241 242 243 244 245 246 247 248 249 250 251 252 253 254 255 256 257 258 259 260 261 262 263 264 265 266 267 268 269 270 271 272 273 274 275 276 277 278 279 280 281 282 283 284 285 286 287 288 289 290 291 292 293 294 295 296 297 298 299 300 301 302 303 304 305 306 307 308 309 310 311 312 313 314 315 316 317 318 319 320 321 322 323 324 325 326 327 328 329 330 331 332 333 334 335 336 337 338 339 340 341 342 343 344 345 346 347 348 349 350 351 352 353 354 355 356 357 358 359 360 361 362 363 364 365 366 367 368 369 370 371 372 373 374 375 376 377 378 379 380 381 382 383 384 385 386 387 388 389 390 391 392 393 394 395 396 397 398 399 400 401 402 403 404 405 406 407 408 409 410 411 412 413 414 415 416 417 418 419 420 421 422 423 
Offset seq: 45 78 111 144 175 206 239 272 305 338 369 402 435 468 501 534 567 600 633 664 697 730 763 796 829 860 893 926 959 992 1023 1056 1089 1122 1155 1188 1221 1254 1287 1320 1353 1384 1417 1450 1483 1516 1549 1582 1615 1648 1679 1710 1743 1774 1807 1840 1873 1906 1939 1972 2005 2038 2071 2104 2137 2170 2201 2234 2267 2298 2331 2364 2397 2430 2463 2496 2573 2644 2677 2708 2741 2774 2807 2840 2917 2950 2983 3016 3047 3078 3111 3144 3177 3208 3241 3274 3305 3338 3371 3404 3437 3470 3503 3536 3569 3602 3679 3712 3745 3778 3811 3844 3877 3908 3941 3974 4007 4040 4073 4106 4139 4172 4205 4238 4271 4304 4337 4370 4403 4436 4469 4500 4533 4566 4597 4630 4663 4696 4729 4762 4795 4826 4859 4892 4925 4958 4991 5024 5057 5134 5211 5244 5277 5310 5341 5374 5407 5440 5471 5542 5573 5604 5635 5666 5699 5732 5765 5798 5831 5864 5897 5930 5963 5996 6027 6058 6091 6124 6157 6190 6267 6300 6333 6366 6399 6432 6465 6498 6529 6562 6593 6626 6659 6692 6725 6802 6879 6912 6945 7022 7055 7086 7119 7152 7185 7218 7249 7282 7315 7348 7381 7414 7447 7480 7513 7546 7579 7612 7645 7678 7711 7742 7819 7852 7883 7916 7949 7982 8015 8048 8081 8114 8147 8180 8213 8246 8279 8312 8345 8376 8407 8440 8473 8506 8539 8572 8605 8636 8707 8740 8817 8850 8883 8916 8949 8982 9013 9046 9079 9112 9145 9178 9211 9244 9277 9310 9343 9376 9409 9442 9473 9506 9537 9570 9603 9634 9665 9698 9731 9762 9795 9828 9859 9892 9925 9958 9991 10024 10101 10134 10167 10200 10233 10266 10299 10332 10365 10398 10431 10464 10497 10530 10563 10596 10629 10662 10693 10726 10759 10792 10869 10902 10935 10968 11001 11034 11067 11144 11175 11208 11241 11274 11307 11340 11373 11406 11439 11470 11503 11536 11569 11602 11635 11668 11701 11734 11767 11800 11833 11866 11899 11932 11965 11998 12031 12064 12097 12128 12161 12232 12265 12298 12331 12364 12395 12428 12459 12490 12523 12556 12589 12622 12693 12726 12759 12792 12825 12858 12891 12922 12953 12986 13019 13050 13083 13160 13193 13226 13259 13292 13325 13358 13391 13424 13457 13490 13521 13554 13587 13620 13653 13684 13715 13746 13817 13850 13883 13916 13949 13982 14013 14046 14079 14112 14145 14178 14211 14244 14277 14310 14343 14376 14407 14440 14473 14506 14539 14616 14649 14726 14759 14792 14823 0 
End of log.
--------------BEGIN OF LOG-----------
SIZE: 10000
Preparing to put msg
 HOST=localhost,DB=test,QUERY=select a,b,c from tt where b=134790
Preparing to read results with data_id=423
 HOST=localhost,DB=test,QUERY=select a,b,c from tt where b=134790
Data id seq: 0 1 2 3 4 5 6 7 8 9 10 11 12 13 14 15 16 17 18 19 20 21 22 23 24 25 26 27 28 29 30 31 32 33 34 35 36 37 38 39 40 41 42 43 44 45 46 47 48 49 50 51 52 53 54 55 56 57 58 59 60 61 62 63 64 65 66 67 68 69 70 71 72 73 74 75 76 77 78 79 80 81 82 83 84 85 86 87 88 89 90 91 92 93 94 95 96 97 98 99 100 101 102 103 104 105 106 107 108 109 110 111 112 113 114 115 116 117 118 119 120 121 122 123 124 125 126 127 128 129 130 131 132 133 134 135 136 137 138 139 140 141 142 143 144 145 146 147 148 149 150 151 152 153 154 155 156 157 158 159 160 161 162 163 164 165 166 167 168 169 170 171 172 173 174 175 176 177 178 179 180 181 182 183 184 185 186 187 188 189 190 191 192 193 194 195 196 197 198 199 200 201 202 203 204 205 206 207 208 209 210 211 212 213 214 215 216 217 218 219 220 221 222 223 224 225 226 227 228 229 230 231 232 233 234 235 236 237 238 239 240 241 242 243 244 245 246 247 248 249 250 251 252 253 254 255 256 257 258 259 260 261 262 263 264 265 266 267 268 269 270 271 272 273 274 275 276 277 278 279 280 281 282 283 284 285 286 287 288 289 290 291 292 293 294 295 296 297 298 299 300 301 302 303 304 305 306 307 308 309 310 311 312 313 314 315 316 317 318 319 320 321 322 323 324 325 326 327 328 329 330 331 332 333 334 335 336 337 338 339 340 341 342 343 344 345 346 347 348 349 350 351 352 353 354 355 356 357 358 359 360 361 362 363 364 365 366 367 368 369 370 371 372 373 374 375 376 377 378 379 380 381 382 383 384 385 386 387 388 389 390 391 392 393 394 395 396 397 398 399 400 401 402 403 404 405 406 407 408 409 410 411 412 413 414 415 416 417 418 419 420 421 422 423 
Offset seq: 45 78 111 144 175 206 239 272 305 338 369 402 435 468 501 534 567 600 633 664 697 730 763 796 829 860 893 926 959 992 1023 1056 1089 1122 1155 1188 1221 1254 1287 1320 1353 1384 1417 1450 1483 1516 1549 1582 1615 1648 1679 1710 1743 1774 1807 1840 1873 1906 1939 1972 2005 2038 2071 2104 2137 2170 2201 2234 2267 2298 2331 2364 2397 2430 2463 2496 2573 2644 2677 2708 2741 2774 2807 2840 2917 2950 2983 3016 3047 3078 3111 3144 3177 3208 3241 3274 3305 3338 3371 3404 3437 3470 3503 3536 3569 3602 3679 3712 3745 3778 3811 3844 3877 3908 3941 3974 4007 4040 4073 4106 4139 4172 4205 4238 4271 4304 4337 4370 4403 4436 4469 4500 4533 4566 4597 4630 4663 4696 4729 4762 4795 4826 4859 4892 4925 4958 4991 5024 5057 5134 5211 5244 5277 5310 5341 5374 5407 5440 5471 5542 5573 5604 5635 5666 5699 5732 5765 5798 5831 5864 5897 5930 5963 5996 6027 6058 6091 6124 6157 6190 6267 6300 6333 6366 6399 6432 6465 6498 6529 6562 6593 6626 6659 6692 6725 6802 6879 6912 6945 7022 7055 7086 7119 7152 7185 7218 7249 7282 7315 7348 7381 7414 7447 7480 7513 7546 7579 7612 7645 7678 7711 7742 7819 7852 7883 7916 7949 7982 8015 8048 8081 8114 8147 8180 8213 8246 8279 8312 8345 8376 8407 8440 8473 8506 8539 8572 8605 8636 8707 8740 8817 8850 8883 8916 8949 8982 9013 9046 9079 9112 9145 9178 9211 9244 9277 9310 9343 9376 9409 9442 9473 9506 9537 9570 9603 9634 9665 9698 9731 9762 9795 9828 9859 9892 9925 9958 9991 10024 10101 10134 10167 10200 10233 10266 10299 10332 10365 10398 10431 10464 10497 10530 10563 10596 10629 10662 10693 10726 10759 10792 10869 10902 10935 10968 11001 11034 11067 11144 11175 11208 11241 11274 11307 11340 11373 11406 11439 11470 11503 11536 11569 11602 11635 11668 11701 11734 11767 11800 11833 11866 11899 11932 11965 11998 12031 12064 12097 12128 12161 12232 12265 12298 12331 12364 12395 12428 12459 12490 12523 12556 12589 12622 12693 12726 12759 12792 12825 12858 12891 12922 12953 12986 13019 13050 13083 13160 13193 13226 13259 13292 13325 13358 13391 13424 13457 13490 13521 13554 13587 13620 13653 13684 13715 13746 13817 13850 13883 13916 13949 13982 14013 14046 14079 14112 14145 14178 14211 14244 14277 14310 14343 14376 14407 14440 14473 14506 14539 14616 14649 14726 14759 14792 14823 0 
End of log.
--------------BEGIN OF LOG-----------
SIZE: 10000
Preparing to put msg
 HOST=localhost,DB=test,QUERY=select a,b,c from tt where b=134790
Preparing to read results with data_id=423
 HOST=localhost,DB=test,QUERY=select a,b,c from tt where b=134790
Data id seq: 0 1 2 3 4 5 6 7 8 9 10 11 12 13 14 15 16 17 18 19 20 21 22 23 24 25 26 27 28 29 30 31 32 33 34 35 36 37 38 39 40 41 42 43 44 45 46 47 48 49 50 51 52 53 54 55 56 57 58 59 60 61 62 63 64 65 66 67 68 69 70 71 72 73 74 75 76 77 78 79 80 81 82 83 84 85 86 87 88 89 90 91 92 93 94 95 96 97 98 99 100 101 102 103 104 105 106 107 108 109 110 111 112 113 114 115 116 117 118 119 120 121 122 123 124 125 126 127 128 129 130 131 132 133 134 135 136 137 138 139 140 141 142 143 144 145 146 147 148 149 150 151 152 153 154 155 156 157 158 159 160 161 162 163 164 165 166 167 168 169 170 171 172 173 174 175 176 177 178 179 180 181 182 183 184 185 186 187 188 189 190 191 192 193 194 195 196 197 198 199 200 201 202 203 204 205 206 207 208 209 210 211 212 213 214 215 216 217 218 219 220 221 222 223 224 225 226 227 228 229 230 231 232 233 234 235 236 237 238 239 240 241 242 243 244 245 246 247 248 249 250 251 252 253 254 255 256 257 258 259 260 261 262 263 264 265 266 267 268 269 270 271 272 273 274 275 276 277 278 279 280 281 282 283 284 285 286 287 288 289 290 291 292 293 294 295 296 297 298 299 300 301 302 303 304 305 306 307 308 309 310 311 312 313 314 315 316 317 318 319 320 321 322 323 324 325 326 327 328 329 330 331 332 333 334 335 336 337 338 339 340 341 342 343 344 345 346 347 348 349 350 351 352 353 354 355 356 357 358 359 360 361 362 363 364 365 366 367 368 369 370 371 372 373 374 375 376 377 378 379 380 381 382 383 384 385 386 387 388 389 390 391 392 393 394 395 396 397 398 399 400 401 402 403 404 405 406 407 408 409 410 411 412 413 414 415 416 417 418 419 420 421 422 423 
Offset seq: 45 78 111 144 175 206 239 272 305 338 369 402 435 468 501 534 567 600 633 664 697 730 763 796 829 860 893 926 959 992 1023 1056 1089 1122 1155 1188 1221 1254 1287 1320 1353 1384 1417 1450 1483 1516 1549 1582 1615 1648 1679 1710 1743 1774 1807 1840 1873 1906 1939 1972 2005 2038 2071 2104 2137 2170 2201 2234 2267 2298 2331 2364 2397 2430 2463 2496 2573 2644 2677 2708 2741 2774 2807 2840 2917 2950 2983 3016 3047 3078 3111 3144 3177 3208 3241 3274 3305 3338 3371 3404 3437 3470 3503 3536 3569 3602 3679 3712 3745 3778 3811 3844 3877 3908 3941 3974 4007 4040 4073 4106 4139 4172 4205 4238 4271 4304 4337 4370 4403 4436 4469 4500 4533 4566 4597 4630 4663 4696 4729 4762 4795 4826 4859 4892 4925 4958 4991 5024 5057 5134 5211 5244 5277 5310 5341 5374 5407 5440 5471 5542 5573 5604 5635 5666 5699 5732 5765 5798 5831 5864 5897 5930 5963 5996 6027 6058 6091 6124 6157 6190 6267 6300 6333 6366 6399 6432 6465 6498 6529 6562 6593 6626 6659 6692 6725 6802 6879 6912 6945 7022 7055 7086 7119 7152 7185 7218 7249 7282 7315 7348 7381 7414 7447 7480 7513 7546 7579 7612 7645 7678 7711 7742 7819 7852 7883 7916 7949 7982 8015 8048 8081 8114 8147 8180 8213 8246 8279 8312 8345 8376 8407 8440 8473 8506 8539 8572 8605 8636 8707 8740 8817 8850 8883 8916 8949 8982 9013 9046 9079 9112 9145 9178 9211 9244 9277 9310 9343 9376 9409 9442 9473 9506 9537 9570 9603 9634 9665 9698 9731 9762 9795 9828 9859 9892 9925 9958 9991 10024 10101 10134 10167 10200 10233 10266 10299 10332 10365 10398 10431 10464 10497 10530 10563 10596 10629 10662 10693 10726 10759 10792 10869 10902 10935 10968 11001 11034 11067 11144 11175 11208 11241 11274 11307 11340 11373 11406 11439 11470 11503 11536 11569 11602 11635 11668 11701 11734 11767 11800 11833 11866 11899 11932 11965 11998 12031 12064 12097 12128 12161 12232 12265 12298 12331 12364 12395 12428 12459 12490 12523 12556 12589 12622 12693 12726 12759 12792 12825 12858 12891 12922 12953 12986 13019 13050 13083 13160 13193 13226 13259 13292 13325 13358 13391 13424 13457 13490 13521 13554 13587 13620 13653 13684 13715 13746 13817 13850 13883 13916 13949 13982 14013 14046 14079 14112 14145 14178 14211 14244 14277 14310 14343 14376 14407 14440 14473 14506 14539 14616 14649 14726 14759 14792 14823 0 
End of log.
--------------BEGIN OF LOG-----------
SIZE: 10000
Preparing to put msg
 HOST=localhost,DB=test,QUERY=select a,b,c from tt where b=134790
Preparing to read results with data_id=423
 HOST=localhost,DB=test,QUERY=select a,b,c from tt where b=134790
Data id seq: 0 1 2 3 4 5 6 7 8 9 10 11 12 13 14 15 16 17 18 19 20 21 22 23 24 25 26 27 28 29 30 31 32 33 34 35 36 37 38 39 40 41 42 43 44 45 46 47 48 49 50 51 52 53 54 55 56 57 58 59 60 61 62 63 64 65 66 67 68 69 70 71 72 73 74 75 76 77 78 79 80 81 82 83 84 85 86 87 88 89 90 91 92 93 94 95 96 97 98 99 100 101 102 103 104 105 106 107 108 109 110 111 112 113 114 115 116 117 118 119 120 121 122 123 124 125 126 127 128 129 130 131 132 133 134 135 136 137 138 139 140 141 142 143 144 145 146 147 148 149 150 151 152 153 154 155 156 157 158 159 160 161 162 163 164 165 166 167 168 169 170 171 172 173 174 175 176 177 178 179 180 181 182 183 184 185 186 187 188 189 190 191 192 193 194 195 196 197 198 199 200 201 202 203 204 205 206 207 208 209 210 211 212 213 214 215 216 217 218 219 220 221 222 223 224 225 226 227 228 229 230 231 232 233 234 235 236 237 238 239 240 241 242 243 244 245 246 247 248 249 250 251 252 253 254 255 256 257 258 259 260 261 262 263 264 265 266 267 268 269 270 271 272 273 274 275 276 277 278 279 280 281 282 283 284 285 286 287 288 289 290 291 292 293 294 295 296 297 298 299 300 301 302 303 304 305 306 307 308 309 310 311 312 313 314 315 316 317 318 319 320 321 322 323 324 325 326 327 328 329 330 331 332 333 334 335 336 337 338 339 340 341 342 343 344 345 346 347 348 349 350 351 352 353 354 355 356 357 358 359 360 361 362 363 364 365 366 367 368 369 370 371 372 373 374 375 376 377 378 379 380 381 382 383 384 385 386 387 388 389 390 391 392 393 394 395 396 397 398 399 400 401 402 403 404 405 406 407 408 409 410 411 412 413 414 415 416 417 418 419 420 421 422 423 
Offset seq: 45 78 111 144 175 206 239 272 305 338 369 402 435 468 501 534 567 600 633 664 697 730 763 796 829 860 893 926 959 992 1023 1056 1089 1122 1155 1188 1221 1254 1287 1320 1353 1384 1417 1450 1483 1516 1549 1582 1615 1648 1679 1710 1743 1774 1807 1840 1873 1906 1939 1972 2005 2038 2071 2104 2137 2170 2201 2234 2267 2298 2331 2364 2397 2430 2463 2496 2573 2644 2677 2708 2741 2774 2807 2840 2917 2950 2983 3016 3047 3078 3111 3144 3177 3208 3241 3274 3305 3338 3371 3404 3437 3470 3503 3536 3569 3602 3679 3712 3745 3778 3811 3844 3877 3908 3941 3974 4007 4040 4073 4106 4139 4172 4205 4238 4271 4304 4337 4370 4403 4436 4469 4500 4533 4566 4597 4630 4663 4696 4729 4762 4795 4826 4859 4892 4925 4958 4991 5024 5057 5134 5211 5244 5277 5310 5341 5374 5407 5440 5471 5542 5573 5604 5635 5666 5699 5732 5765 5798 5831 5864 5897 5930 5963 5996 6027 6058 6091 6124 6157 6190 6267 6300 6333 6366 6399 6432 6465 6498 6529 6562 6593 6626 6659 6692 6725 6802 6879 6912 6945 7022 7055 7086 7119 7152 7185 7218 7249 7282 7315 7348 7381 7414 7447 7480 7513 7546 7579 7612 7645 7678 7711 7742 7819 7852 7883 7916 7949 7982 8015 8048 8081 8114 8147 8180 8213 8246 8279 8312 8345 8376 8407 8440 8473 8506 8539 8572 8605 8636 8707 8740 8817 8850 8883 8916 8949 8982 9013 9046 9079 9112 9145 9178 9211 9244 9277 9310 9343 9376 9409 9442 9473 9506 9537 9570 9603 9634 9665 9698 9731 9762 9795 9828 9859 9892 9925 9958 9991 10024 10101 10134 10167 10200 10233 10266 10299 10332 10365 10398 10431 10464 10497 10530 10563 10596 10629 10662 10693 10726 10759 10792 10869 10902 10935 10968 11001 11034 11067 11144 11175 11208 11241 11274 11307 11340 11373 11406 11439 11470 11503 11536 11569 11602 11635 11668 11701 11734 11767 11800 11833 11866 11899 11932 11965 11998 12031 12064 12097 12128 12161 12232 12265 12298 12331 12364 12395 12428 12459 12490 12523 12556 12589 12622 12693 12726 12759 12792 12825 12858 12891 12922 12953 12986 13019 13050 13083 13160 13193 13226 13259 13292 13325 13358 13391 13424 13457 13490 13521 13554 13587 13620 13653 13684 13715 13746 13817 13850 13883 13916 13949 13982 14013 14046 14079 14112 14145 14178 14211 14244 14277 14310 14343 14376 14407 14440 14473 14506 14539 14616 14649 14726 14759 14792 14823 0 
End of log.
